# Created by Octave 4.0.3, Mon Apr 19 20:17:13 2021 -03 <nico@debianThinkpadx230>
# name: matrixA
# type: matrix
# rows: 1
# columns: 5
 0.209426 0.925729 1.567634 14.51250893016838 11.8


